Computation time: 110.28686165809631 sec
Value of N: 50
A = 3.052558512635525e-18
B = -1.7255844232847543e-24
C = 2.8173246361633913e-31
D = 370261.3031956569
E = -0.005269643043652976
F = 1.586371126940608e-11